0.00000000e+000	6.15035736e-001	
2.81301154e-001	6.14947255e-001	
5.62602308e-001	6.14922612e-001	
8.43903462e-001	6.14528768e-001	
1.12520462e+000	6.14433078e-001	
1.40650577e+000	6.13805741e-001	
1.68780692e+000	6.11282310e-001	
1.96910808e+000	6.09650981e-001	
2.25040923e+000	6.06214800e-001	
2.53171039e+000	6.04344198e-001	
2.81301154e+000	6.01224977e-001	
3.09431269e+000	6.01041208e-001	
3.37561385e+000	6.04693264e-001	
3.65691500e+000	6.23230831e-001	
3.93821616e+000	6.48612973e-001	
4.21951731e+000	6.73995115e-001	
4.50081846e+000	7.02589177e-001	
4.78211962e+000	7.39475612e-001	
5.06342077e+000	7.83694159e-001	
5.34472193e+000	8.35680763e-001	
5.62602308e+000	8.67494221e-001	
5.90732423e+000	8.92904846e-001	
6.18862539e+000	9.19520267e-001	
6.46992654e+000	9.31822492e-001	
6.75122770e+000	9.37011379e-001	
7.03252885e+000	9.38850717e-001	
7.31383000e+000	9.39565115e-001	
7.59513116e+000	9.41017792e-001	
7.87643231e+000	9.41858426e-001	
8.15773347e+000	9.41778035e-001	
8.43903462e+000	9.41697644e-001	
8.72033577e+000	9.41841169e-001	
9.00163693e+000	9.41934564e-001	
9.28293808e+000	9.40766103e-001	
9.56423924e+000	9.39460676e-001	
9.84554039e+000	9.37333560e-001	
1.01268415e+001	9.32662757e-001	
1.04081427e+001	9.27569610e-001	
1.06894439e+001	9.17305107e-001	
1.09707450e+001	8.98727020e-001	
1.12520462e+001	8.73243289e-001	
1.15333473e+001	8.52046019e-001	
1.18146485e+001	8.52637860e-001	
1.20959496e+001	8.53680677e-001	
1.23772508e+001	8.61789041e-001	
1.26585519e+001	8.92943735e-001	
1.29398531e+001	9.12446730e-001	
1.32211542e+001	9.36172553e-001	
1.35024554e+001	9.69935801e-001	
1.37837565e+001	1.01606657e+000	
1.40650577e+001	1.05060639e+000	
1.43463589e+001	1.07783291e+000	
1.46276600e+001	1.09993916e+000	
1.49089612e+001	1.11521375e+000	
1.51902623e+001	1.12470582e+000	
1.54715635e+001	1.12606111e+000	
1.57528646e+001	1.13054281e+000	
1.60341658e+001	1.13232201e+000	
1.63154669e+001	1.13304808e+000	
1.65967681e+001	1.13321113e+000	
1.68780692e+001	1.13350216e+000	
1.71593704e+001	1.13296146e+000	
1.74406715e+001	1.13292798e+000	
1.77219727e+001	1.13134510e+000	
1.80032739e+001	1.12243380e+000	
1.82845750e+001	1.12191090e+000	
1.85658762e+001	1.11592578e+000	
1.88471773e+001	1.09965048e+000	
1.91284785e+001	1.07587572e+000	
1.94097796e+001	1.03810604e+000	
1.96910808e+001	9.97117546e-001	
1.99723819e+001	9.54272110e-001	
2.02536831e+001	9.18833570e-001	
2.05349842e+001	8.88494199e-001	
2.08162854e+001	8.63887849e-001	
2.10975865e+001	8.55292937e-001	
2.13788877e+001	8.50053441e-001	
2.16601889e+001	8.46373808e-001	
2.19414900e+001	8.57165387e-001	
2.22227912e+001	8.87268732e-001	
2.25040923e+001	9.00762315e-001	
2.27853935e+001	9.16036904e-001	
2.30666946e+001	9.27445191e-001	
2.33479958e+001	9.35204812e-001	
2.36292969e+001	9.38604956e-001	
2.39105981e+001	9.39169142e-001	
2.41918992e+001	9.41436787e-001	
2.44732004e+001	9.41890127e-001	
2.47545016e+001	9.41962053e-001	
2.50358027e+001	9.41932098e-001	
2.53171039e+001	9.42515791e-001	
2.55984050e+001	9.41933296e-001	
2.58797062e+001	9.43479766e-001	
2.61610073e+001	9.40505555e-001	
2.64423085e+001	9.39024250e-001	
2.67236096e+001	9.39729569e-001	
2.70049108e+001	9.31388569e-001	
2.72862119e+001	9.12547708e-001	
2.75675131e+001	8.93706847e-001	
2.78488142e+001	8.66120177e-001	
2.81301154e+001	8.21440886e-001	
2.84114166e+001	7.76761594e-001	
2.86927177e+001	7.28844423e-001	
2.89740189e+001	6.84593616e-001	
2.92553200e+001	6.51434452e-001	
2.95366212e+001	6.21741589e-001	
2.98179223e+001	6.10171267e-001	
3.00992235e+001	5.98297158e-001	
3.03805246e+001	5.92016337e-001	
3.06618258e+001	5.92571791e-001	
3.09431269e+001	5.98607835e-001	
3.12244281e+001	6.02726109e-001	
3.15057292e+001	6.07283683e-001	
3.17870304e+001	6.10138276e-001	
3.20683316e+001	6.12444317e-001	
3.23496327e+001	6.12589219e-001	
3.26309339e+001	6.12770071e-001	
3.29122350e+001	6.13003868e-001	
3.31935362e+001	6.14126394e-001	
3.34748373e+001	6.14699967e-001	
3.37561385e+001	6.15046007e-001	
3.40374396e+001	6.15869172e-001	
3.43187408e+001	6.16684756e-001	
3.46000419e+001	6.12511929e-001	
3.48813431e+001	6.12486470e-001	
3.51626442e+001	6.13093092e-001	
3.54439454e+001	6.08911993e-001	
3.57252466e+001	5.95961448e-001	
3.60065477e+001	5.75632928e-001	
3.62878489e+001	5.49185993e-001	
3.65691500e+001	5.07479080e-001	
3.68504512e+001	4.63651751e-001	
3.71317523e+001	4.04814810e-001	
3.74130535e+001	3.45931197e-001	
3.76943546e+001	2.96240692e-001	
3.79756558e+001	2.41891647e-001	
3.82569569e+001	1.93057886e-001	
3.85382581e+001	1.47554430e-001	
3.88195592e+001	1.01611410e-001	
3.91008604e+001	6.50007372e-002	
3.93821616e+001	3.88875626e-002	
3.96634627e+001	7.54463297e-003	
3.99447639e+001	2.89938050e-003	
4.02260650e+001	-6.95866990e-004	
4.05073662e+001	-8.34810384e-004	
4.07886673e+001	-2.93471274e-004	
4.10699685e+001	-5.90458972e-003	
4.13512696e+001	-3.71198338e-003	
4.16325708e+001	1.40382828e-003	
4.19138719e+001	2.29679685e-003	
4.21951731e+001	7.10328711e-004	
4.24764743e+001	-1.19005333e-003	
4.27577754e+001	3.30018352e-003	
4.30390766e+001	6.01567000e-003	
4.33203777e+001	7.35120898e-003	
4.36016789e+001	3.93993787e-003	
4.38829800e+001	7.53965356e-003	
4.41642812e+001	-1.21717913e-003	
4.44455823e+001	-1.37373651e-002	
4.47268835e+001	-2.96172782e-002	
4.50081846e+001	-4.97685146e-002	
4.52894858e+001	-7.91970495e-002	
4.55707869e+001	-1.15209590e-001	
4.58520881e+001	-1.60412531e-001	
4.61333893e+001	-2.03848067e-001	
4.64146904e+001	-2.52752380e-001	
4.66959916e+001	-3.02102497e-001	
4.69772927e+001	-3.49304108e-001	
4.72585939e+001	-4.28459351e-001	
4.75398950e+001	-4.90743429e-001	
4.78211962e+001	-5.24515150e-001	
4.81024973e+001	-5.58286871e-001	
4.83837985e+001	-5.89546426e-001	
4.86650996e+001	-6.12720550e-001	
4.89464008e+001	-6.16700309e-001	
4.92277019e+001	-6.10975331e-001	
4.95090031e+001	-6.16436507e-001	
4.97903043e+001	-6.17912965e-001	
5.00716054e+001	-6.17058178e-001	
5.03529066e+001	-6.16305082e-001	
5.06342077e+001	-6.15881672e-001	
5.09155089e+001	-6.14298203e-001	
5.11968100e+001	-6.13676883e-001	
5.14781112e+001	-6.13634284e-001	
5.17594123e+001	-6.13478603e-001	
5.20407135e+001	-6.12753478e-001	
5.23220146e+001	-6.11478767e-001	
5.26033158e+001	-6.08988828e-001	
5.28846169e+001	-6.07679233e-001	
5.31659181e+001	-6.00996713e-001	
5.34472193e+001	-5.99492034e-001	
5.37285204e+001	-5.94784486e-001	
5.40098216e+001	-5.94158836e-001	
5.42911227e+001	-6.02787246e-001	
5.45724239e+001	-6.13323302e-001	
5.48537250e+001	-6.38600457e-001	
5.51350262e+001	-6.71328751e-001	
5.54163273e+001	-7.06328201e-001	
5.56976285e+001	-7.47274049e-001	
5.59789296e+001	-7.96468528e-001	
5.62602308e+001	-8.36625659e-001	
5.65415320e+001	-8.75023799e-001	
5.68228331e+001	-9.09587100e-001	
5.71041343e+001	-9.22709255e-001	
5.73854354e+001	-9.28514596e-001	
5.76667366e+001	-9.36709092e-001	
5.79480377e+001	-9.38627403e-001	
5.82293389e+001	-9.40545715e-001	
5.85106400e+001	-9.43233192e-001	
5.87919412e+001	-9.42797581e-001	
5.90732423e+001	-9.42227563e-001	
5.93545435e+001	-9.42075786e-001	
5.96358446e+001	-9.41736511e-001	
5.99171458e+001	-9.40970956e-001	
6.01984470e+001	-9.40575879e-001	
6.04797481e+001	-9.39261128e-001	
6.07610493e+001	-9.36631355e-001	
6.10423504e+001	-9.33250146e-001	
6.13236516e+001	-9.22465394e-001	
6.16049527e+001	-9.12211848e-001	
6.18862539e+001	-8.94176499e-001	
6.21675550e+001	-8.74362893e-001	
6.24488562e+001	-8.60776558e-001	
6.27301573e+001	-8.40131946e-001	
6.30114585e+001	-8.42411774e-001	
6.32927596e+001	-8.51985411e-001	
6.35740608e+001	-8.64279063e-001	
6.38553620e+001	-8.91965853e-001	
6.41366631e+001	-9.28389079e-001	
6.44179643e+001	-9.68365200e-001	
6.46992654e+001	-1.01335816e+000	
6.49805666e+001	-1.05091137e+000	
6.52618677e+001	-1.08418204e+000	
6.55431689e+001	-1.10338477e+000	
6.58244700e+001	-1.11617741e+000	
6.61057712e+001	-1.12701332e+000	
6.63870723e+001	-1.12916058e+000	
6.66683735e+001	-1.13363420e+000	
6.69496746e+001	-1.13381088e+000	
6.72309758e+001	-1.13315558e+000	
6.75122770e+001	-1.13320013e+000	
6.77935781e+001	-1.13259066e+000	
6.80748793e+001	-1.13239287e+000	
6.83561804e+001	-1.13219675e+000	
6.86374816e+001	-1.13145103e+000	
6.89187827e+001	-1.13077267e+000	
6.92000839e+001	-1.12948896e+000	
6.94813850e+001	-1.11698930e+000	
6.97626862e+001	-1.09372107e+000	
7.00439873e+001	-1.07045284e+000	
7.03252885e+001	-1.04089551e+000	
7.06065896e+001	-1.00269698e+000	
7.08878908e+001	-9.64498449e-001	
7.11691920e+001	-9.24059007e-001	
7.14504931e+001	-8.69147180e-001	
7.17317943e+001	-8.57818052e-001	
7.20130954e+001	-8.50125176e-001	
7.22943966e+001	-8.46160808e-001	
7.25756977e+001	-8.52261476e-001	
7.28569989e+001	-8.59379113e-001	
7.31383000e+001	-8.87851854e-001	
7.34196012e+001	-9.00145707e-001	
7.37009023e+001	-9.16217255e-001	
7.39822035e+001	-9.26576814e-001	
7.42635047e+001	-9.36175333e-001	
7.45448058e+001	-9.40207180e-001	
7.48261070e+001	-9.40105942e-001	
7.51074081e+001	-9.40416902e-001	
7.53887093e+001	-9.41571743e-001	
7.56700104e+001	-9.41545135e-001	
7.59513116e+001	-9.41821096e-001	
7.62326127e+001	-9.42524332e-001	
7.65139139e+001	-9.42022663e-001	
7.67952150e+001	-9.41520993e-001	
7.70765162e+001	-9.43021428e-001	
7.73578173e+001	-9.40019991e-001	
7.76391185e+001	-9.37018553e-001	
7.79204197e+001	-9.29136759e-001	
7.82017208e+001	-9.22336663e-001	
7.84830220e+001	-9.06065160e-001	
7.87643231e+001	-8.66006290e-001	
7.90456243e+001	-8.27637000e-001	
7.93269254e+001	-7.67381962e-001	
7.96082266e+001	-7.29432860e-001	
7.98895277e+001	-6.96525576e-001	
8.01708289e+001	-6.60896632e-001	
8.04521300e+001	-6.35110890e-001	
8.07334312e+001	-6.17678002e-001	
8.10147323e+001	-6.05393592e-001	
8.12960335e+001	-5.97623947e-001	
8.15773347e+001	-5.99268248e-001	
8.18586358e+001	-6.02425325e-001	
8.21399370e+001	-6.06040119e-001	
8.24212381e+001	-6.09021409e-001	
8.27025393e+001	-6.11273640e-001	
8.29838404e+001	-6.12209143e-001	
8.32651416e+001	-6.13216748e-001	
8.35464427e+001	-6.14092451e-001	
8.38277439e+001	-6.13829642e-001	
8.41090450e+001	-6.14040998e-001	
8.43903462e+001	-6.15363652e-001	
8.46716473e+001	-6.16639790e-001	
8.49529485e+001	-6.17136162e-001	
8.52342497e+001	-6.17494587e-001	
8.55155508e+001	-6.16743598e-001	
8.57968520e+001	-6.10851645e-001	
8.60781531e+001	-6.10905025e-001	
8.63594543e+001	-6.09134763e-001	
8.66407554e+001	-5.93651787e-001	
8.69220566e+001	-5.71010736e-001	
8.72033577e+001	-5.43985220e-001	
8.74846589e+001	-5.11763896e-001	
8.77659600e+001	-4.58152232e-001	
8.80472612e+001	-4.05397868e-001	
8.83285624e+001	-3.53390397e-001	
8.86098635e+001	-2.94009126e-001	
8.88911647e+001	-2.44191495e-001	
8.91724658e+001	-1.96234170e-001	
8.94537670e+001	-1.46116363e-001	
8.97350681e+001	-1.04137324e-001	
9.00163693e+001	-7.23915455e-002	
9.02976704e+001	-4.22688196e-002	
9.05789716e+001	-2.81074128e-002	
9.08602727e+001	-1.52853500e-002	
9.11415739e+001	-6.95315112e-003	
9.14228750e+001	-5.98813912e-003	
9.17041762e+001	-4.46273054e-005	
9.19854774e+001	1.19295121e-003	
9.22667785e+001	2.07411003e-003	
9.25480797e+001	1.38720707e-003	
9.28293808e+001	-5.61733177e-004	
9.31106820e+001	9.19341571e-004	
9.33919831e+001	1.96808743e-003	
9.36732843e+001	-8.97144694e-004	
9.39545854e+001	-3.95319265e-004	
9.42358866e+001	-1.35221058e-003	
9.45171877e+001	-2.61128125e-003	
9.47984889e+001	5.88411026e-003	
9.50797900e+001	1.36537955e-002	
9.53610912e+001	2.27595325e-002	
9.56423924e+001	3.73952700e-002	
9.59236935e+001	5.51445334e-002	
9.62049947e+001	8.51735255e-002	
9.64862958e+001	1.25938091e-001	
9.67675970e+001	1.67156122e-001	
9.70488981e+001	2.10689059e-001	
9.73301993e+001	2.57590869e-001	
9.76115004e+001	3.09495478e-001	
9.78928016e+001	3.67883329e-001	
9.81741027e+001	4.36572159e-001	
9.84554039e+001	4.77891626e-001	
9.87367050e+001	5.16720548e-001	
9.90180062e+001	5.47732541e-001	
9.92993074e+001	5.77319157e-001	
9.95806085e+001	5.93821039e-001	
9.98619097e+001	6.04021912e-001	
1.00143211e+002	6.05364869e-001	
1.00424512e+002	6.10290162e-001	
1.00705813e+002	6.13377196e-001	
1.00987114e+002	6.14088127e-001	
1.01268415e+002	6.14525654e-001	
