0.00000000e+000	0.00000000e+000	
6.80669769e-001	1.89547643e-001	
1.36133954e+000	1.89787774e-001	
2.04200931e+000	1.69127648e-001	
2.72267908e+000	1.31189506e-001	
3.40334884e+000	1.29936749e-001	
4.08401861e+000	1.55973886e-001	
4.76468838e+000	2.11790299e-001	
5.44535815e+000	3.01952192e-001	
6.12602792e+000	5.05809779e-001	
6.80669769e+000	5.93581751e-001	
7.48736746e+000	5.93021904e-001	
8.16803723e+000	5.93237751e-001	
8.84870700e+000	5.93171331e-001	
9.52937676e+000	5.91606070e-001	
1.02100465e+001	5.23109651e-001	
1.08907163e+001	3.60514223e-001	
1.15713861e+001	3.10991667e-001	
1.22520558e+001	3.32395078e-001	
1.29327256e+001	3.92561600e-001	
1.36133954e+001	5.62134388e-001	
1.42940651e+001	8.73723863e-001	
1.49747349e+001	1.03750245e+000	
1.56554047e+001	1.04118552e+000	
1.63360745e+001	1.04212988e+000	
1.70167442e+001	1.04159548e+000	
1.76974140e+001	1.03722058e+000	
1.83780838e+001	8.87678826e-001	
1.90587535e+001	5.91174584e-001	
1.97394233e+001	4.75903547e-001	
2.04200931e+001	4.65502107e-001	
2.11007628e+001	5.17612039e-001	
2.17814326e+001	6.88334146e-001	
2.24621024e+001	1.04090819e+000	
2.31427721e+001	1.25608414e+000	
2.38234419e+001	1.26880371e+000	
2.45041117e+001	1.27226447e+000	
2.51847814e+001	1.26961406e+000	
2.58654512e+001	1.26321274e+000	
2.65461210e+001	1.06626028e+000	
2.72267908e+001	7.07315523e-001	
2.79074605e+001	5.65430177e-001	
2.85881303e+001	5.46008520e-001	
2.92688001e+001	5.87219233e-001	
2.99494698e+001	7.46129456e-001	
3.06301396e+001	1.12551751e+000	
3.13108094e+001	1.35729123e+000	
3.19914791e+001	1.37232036e+000	
3.26721489e+001	1.37298586e+000	
3.33528187e+001	1.36996337e+000	
3.40334884e+001	1.35502762e+000	
3.47141582e+001	1.12187992e+000	
3.53948280e+001	7.70376124e-001	
3.60754978e+001	6.16810409e-001	
3.67561675e+001	5.85910456e-001	
3.74368373e+001	6.35155344e-001	
3.81175071e+001	7.79685471e-001	
3.87981768e+001	1.15211884e+000	
3.94788466e+001	1.40571612e+000	
4.01595164e+001	1.43092966e+000	
4.08401861e+001	1.43641671e+000	
4.15208559e+001	1.43384902e+000	
4.22015257e+001	1.41309806e+000	
4.28821954e+001	1.17234340e+000	
4.35628652e+001	8.02289100e-001	
4.42435350e+001	6.45066067e-001	
4.49242047e+001	6.16456342e-001	
4.56048745e+001	6.56026261e-001	
4.62855443e+001	8.24453587e-001	
4.69662141e+001	1.19738396e+000	
4.76468838e+001	1.45647550e+000	
4.83275536e+001	1.48498272e+000	
4.90082234e+001	1.49239029e+000	
4.96888931e+001	1.48716069e+000	
5.03695629e+001	1.45853763e+000	
5.10502327e+001	1.21641993e+000	
5.17309024e+001	8.34510910e-001	
5.24115722e+001	6.81652185e-001	
5.30922420e+001	6.47834017e-001	
5.37729117e+001	6.88330470e-001	
5.44535815e+001	8.46791960e-001	
5.51342513e+001	1.24152158e+000	
5.58149210e+001	1.50696319e+000	
5.64955908e+001	1.54201654e+000	
5.71762606e+001	1.54867538e+000	
5.78569304e+001	1.54189629e+000	
5.85376001e+001	1.51018987e+000	
5.92182699e+001	1.25269126e+000	
5.98989397e+001	8.70598269e-001	
6.05796094e+001	7.26813190e-001	
6.12602792e+001	6.82028410e-001	
6.19409490e+001	7.24030687e-001	
6.26216187e+001	8.96592782e-001	
6.33022885e+001	1.27170420e+000	
6.39829583e+001	1.54735446e+000	
6.46636280e+001	1.59188680e+000	
6.53442978e+001	1.60313546e+000	
6.60249676e+001	1.59689996e+000	
6.67056373e+001	1.55466009e+000	
6.73863071e+001	1.28787687e+000	
6.80669769e+001	9.02889380e-001	
6.87476467e+001	7.54517542e-001	
6.94283164e+001	7.16397193e-001	
7.01089862e+001	7.64853402e-001	
7.07896560e+001	9.28920747e-001	
7.14703257e+001	1.30841506e+000	
7.21509955e+001	1.58414553e+000	
7.28316653e+001	1.64007874e+000	
7.35123350e+001	1.65451624e+000	
7.41930048e+001	1.64414015e+000	
7.48736746e+001	1.58972081e+000	
7.55543443e+001	1.32378187e+000	
7.62350141e+001	9.26910596e-001	
7.69156839e+001	7.59217745e-001	
7.75963537e+001	7.17559305e-001	
7.82770234e+001	7.46545127e-001	
7.89576932e+001	8.94962329e-001	
7.96383630e+001	1.28391876e+000	
8.03190327e+001	1.54228358e+000	
8.09997025e+001	1.58660907e+000	
8.16803723e+001	1.59523394e+000	
8.23610420e+001	1.58274510e+000	
8.30417118e+001	1.54492851e+000	
8.37223816e+001	1.26103943e+000	
8.44030513e+001	8.83917556e-001	
8.50837211e+001	7.19980137e-001	
8.57643909e+001	6.66532093e-001	
8.64450606e+001	7.03801321e-001	
8.71257304e+001	8.54536102e-001	
8.78064002e+001	1.22738229e+000	
8.84870700e+001	1.46878614e+000	
8.91677397e+001	1.50232582e+000	
8.98484095e+001	1.50805474e+000	
9.05290793e+001	1.50482939e+000	
9.12097490e+001	1.46459139e+000	
9.18904188e+001	1.20228083e+000	
9.25710886e+001	8.35483047e-001	
9.32517583e+001	6.48162872e-001	
9.39324281e+001	6.04805536e-001	
9.46130979e+001	6.29196360e-001	
9.52937676e+001	7.84500126e-001	
9.59744374e+001	1.14351574e+000	
9.66551072e+001	1.36798790e+000	
9.73357769e+001	1.39060330e+000	
9.80164467e+001	1.39360198e+000	
9.86971165e+001	1.38983538e+000	
9.93777863e+001	1.37207065e+000	
1.00058456e+002	1.13975859e+000	
1.00739126e+002	7.41734195e-001	
1.01419796e+002	5.82722897e-001	
1.02100465e+002	5.12413729e-001	
1.02781135e+002	5.36754380e-001	
1.03461805e+002	6.62513724e-001	
1.04142475e+002	9.77453731e-001	
1.04823144e+002	1.14159905e+000	
1.05503814e+002	1.15008895e+000	
1.06184484e+002	1.15082989e+000	
1.06865154e+002	1.14893025e+000	
1.07545823e+002	1.14219659e+000	
1.08226493e+002	9.47307320e-001	
1.08907163e+002	5.76245698e-001	
1.09587833e+002	4.08887601e-001	
1.10268503e+002	3.06933689e-001	
1.10949172e+002	2.62886271e-001	
1.11629842e+002	2.64398814e-001	
1.12310512e+002	3.41585950e-001	
1.12991182e+002	3.81266686e-001	
1.13671851e+002	3.81822871e-001	
1.14352521e+002	3.82384021e-001	
1.15033191e+002	3.81899384e-001	
1.15713861e+002	3.79832622e-001	
1.16394530e+002	3.23979065e-001	
1.17075200e+002	1.76097062e-001	
1.17755870e+002	9.47679475e-002	
1.18436540e+002	3.92443131e-002	
1.19117210e+002	-1.18872748e-002	
1.19797879e+002	-6.96634088e-002	
1.20478549e+002	-1.55103720e-001	
1.21159219e+002	-1.86618337e-001	
1.21839889e+002	-1.87069509e-001	
1.22520558e+002	-1.87193163e-001	
1.23201228e+002	-1.86966208e-001	
1.23881898e+002	-1.86281486e-001	
1.24562568e+002	-1.67239618e-001	
1.25243237e+002	-1.30469794e-001	
1.25923907e+002	-1.34890598e-001	
1.26604577e+002	-1.58832470e-001	
1.27285247e+002	-2.09876204e-001	
1.27965917e+002	-3.06224082e-001	
1.28646586e+002	-5.03170189e-001	
1.29327256e+002	-5.89824410e-001	
1.30007926e+002	-5.91791082e-001	
1.30688596e+002	-5.92868650e-001	
1.31369265e+002	-5.92633120e-001	
1.32049935e+002	-5.91613883e-001	
1.32730605e+002	-5.19762947e-001	
1.33411275e+002	-3.62464626e-001	
1.34091944e+002	-3.11372628e-001	
1.34772614e+002	-3.29293442e-001	
1.35453284e+002	-3.93914890e-001	
1.36133954e+002	-5.46576879e-001	
1.36814624e+002	-8.69933560e-001	
1.37495293e+002	-1.03724213e+000	
1.38175963e+002	-1.04117274e+000	
1.38856633e+002	-1.04225943e+000	
1.39537303e+002	-1.04101745e+000	
1.40217972e+002	-1.03489005e+000	
1.40898642e+002	-8.90385932e-001	
1.41579312e+002	-6.04213626e-001	
1.42259982e+002	-4.87099164e-001	
1.42940651e+002	-4.75483869e-001	
1.43621321e+002	-5.31710566e-001	
1.44301991e+002	-6.82742256e-001	
1.44982661e+002	-1.03628289e+000	
1.45663331e+002	-1.25390773e+000	
1.46344000e+002	-1.26640461e+000	
1.47024670e+002	-1.27281478e+000	
1.47705340e+002	-1.27052867e+000	
1.48386010e+002	-1.26264567e+000	
1.49066679e+002	-1.06796661e+000	
1.49747349e+002	-7.07285702e-001	
1.50428019e+002	-5.60407329e-001	
1.51108689e+002	-5.36798756e-001	
1.51789358e+002	-5.89608322e-001	
1.52470028e+002	-7.44796782e-001	
1.53150698e+002	-1.11749074e+000	
1.53831368e+002	-1.35261136e+000	
1.54512038e+002	-1.36951653e+000	
1.55192707e+002	-1.37352555e+000	
1.55873377e+002	-1.37080577e+000	
1.56554047e+002	-1.36542092e+000	
1.57234717e+002	-1.12968842e+000	
1.57915386e+002	-7.47688534e-001	
1.58596056e+002	-6.10234905e-001	
1.59276726e+002	-5.78491726e-001	
1.59957396e+002	-6.17842718e-001	
1.60638065e+002	-7.92375400e-001	
1.61318735e+002	-1.15662031e+000	
1.61999405e+002	-1.40779232e+000	
1.62680075e+002	-1.43534657e+000	
1.63360745e+002	-1.43695193e+000	
1.64041414e+002	-1.43212255e+000	
1.64722084e+002	-1.41192859e+000	
1.65402754e+002	-1.17115300e+000	
1.66083424e+002	-8.06446433e-001	
1.66764093e+002	-6.41982506e-001	
1.67444763e+002	-6.19884634e-001	
1.68125433e+002	-6.65708796e-001	
1.68806103e+002	-8.18503659e-001	
1.69486772e+002	-1.19013075e+000	
1.70167442e+002	-1.45613846e+000	
1.70848112e+002	-1.49022863e+000	
1.71528782e+002	-1.49275661e+000	
1.72209452e+002	-1.48824314e+000	
1.72890121e+002	-1.45889546e+000	
1.73570791e+002	-1.21437705e+000	
1.74251461e+002	-8.27969376e-001	
1.74932131e+002	-6.74637451e-001	
1.75612800e+002	-6.40016248e-001	
1.76293470e+002	-6.99589340e-001	
1.76974140e+002	-8.54825355e-001	
1.77654810e+002	-1.24985140e+000	
1.78335479e+002	-1.50947447e+000	
1.79016149e+002	-1.53982374e+000	
1.79696819e+002	-1.54851388e+000	
1.80377489e+002	-1.54556209e+000	
1.81058159e+002	-1.50295158e+000	
1.81738828e+002	-1.25096822e+000	
1.82419498e+002	-8.76699265e-001	
1.83100168e+002	-7.27552201e-001	
1.83780838e+002	-6.83395260e-001	
1.84461507e+002	-7.38726179e-001	
1.85142177e+002	-8.95279703e-001	
1.85822847e+002	-1.27168805e+000	
1.86503517e+002	-1.54667800e+000	
1.87184186e+002	-1.60074507e+000	
1.87864856e+002	-1.60394774e+000	
1.88545526e+002	-1.59523685e+000	
1.89226196e+002	-1.55332763e+000	
1.89906866e+002	-1.28540799e+000	
1.90587535e+002	-9.06093679e-001	
1.91268205e+002	-7.49185378e-001	
1.91948875e+002	-7.17642603e-001	
1.92629545e+002	-7.69230012e-001	
1.93310214e+002	-9.28027896e-001	
1.93990884e+002	-1.30811582e+000	
1.94671554e+002	-1.58455398e+000	
1.95352224e+002	-1.64101744e+000	
1.96032893e+002	-1.65537310e+000	
1.96713563e+002	-1.64360253e+000	
1.97394233e+002	-1.59358749e+000	
1.98074903e+002	-1.32611067e+000	
1.98755573e+002	-9.21808370e-001	
1.99436242e+002	-7.58238711e-001	
2.00116912e+002	-7.19524269e-001	
2.00797582e+002	-7.55211868e-001	
2.01478252e+002	-9.08808099e-001	
2.02158921e+002	-1.28515395e+000	
2.02839591e+002	-1.53914661e+000	
2.03520261e+002	-1.58153293e+000	
2.04200931e+002	-1.59388796e+000	
2.04881600e+002	-1.58025879e+000	
2.05562270e+002	-1.55050086e+000	
2.06242940e+002	-1.26360613e+000	
2.06923610e+002	-8.82181245e-001	
2.07604280e+002	-7.16589984e-001	
2.08284949e+002	-6.70704326e-001	
2.08965619e+002	-6.97274636e-001	
2.09646289e+002	-8.57182398e-001	
2.10326959e+002	-1.21777171e+000	
2.11007628e+002	-1.47575429e+000	
2.11688298e+002	-1.50049811e+000	
2.12368968e+002	-1.50797254e+000	
2.13049638e+002	-1.50254429e+000	
2.13730307e+002	-1.46574394e+000	
2.14410977e+002	-1.20336397e+000	
2.15091647e+002	-8.30706830e-001	
2.15772317e+002	-6.74738600e-001	
2.16452987e+002	-6.10391976e-001	
2.17133656e+002	-6.36818240e-001	
2.17814326e+002	-7.81260017e-001	
2.18494996e+002	-1.14033071e+000	
2.19175666e+002	-1.36565571e+000	
2.19856335e+002	-1.38962469e+000	
2.20537005e+002	-1.39287967e+000	
2.21217675e+002	-1.38938915e+000	
2.21898345e+002	-1.37052789e+000	
2.22579014e+002	-1.12973166e+000	
2.23259684e+002	-7.51283755e-001	
2.23940354e+002	-5.81219413e-001	
2.24621024e+002	-5.15639829e-001	
2.25301693e+002	-5.37417268e-001	
2.25982363e+002	-6.56081935e-001	
2.26663033e+002	-9.65817975e-001	
2.27343703e+002	-1.14026361e+000	
2.28024373e+002	-1.14827497e+000	
2.28705042e+002	-1.15071028e+000	
2.29385712e+002	-1.14823331e+000	
2.30066382e+002	-1.14720062e+000	
2.30747052e+002	-9.39184548e-001	
2.31427721e+002	-5.79030591e-001	
2.32108391e+002	-4.01412980e-001	
2.32789061e+002	-3.06890392e-001	
2.33469731e+002	-2.59899084e-001	
2.34150400e+002	-2.63521676e-001	
2.34831070e+002	-3.41761171e-001	
2.35511740e+002	-3.82746182e-001	
2.36192410e+002	-3.84410571e-001	
2.36873080e+002	-3.84682951e-001	
2.37553749e+002	-3.84336646e-001	
2.38234419e+002	-3.81518875e-001	
2.38915089e+002	-3.27674643e-001	
2.39595759e+002	-1.81675118e-001	
2.40276428e+002	-9.47268795e-002	
2.40957098e+002	-3.65149429e-002	
2.41637768e+002	1.05882568e-002	
2.42318438e+002	7.16544007e-002	
2.42999107e+002	1.56725911e-001	
2.43679777e+002	1.88932805e-001	
2.44360447e+002	1.89593276e-001	
2.45041117e+002	0.00000000e+000	
